4294967278,27
4294967278,26
4294967278,25
4294967278,24
4294967278,23
4294967294,524
4294967278,528
4294967278,38
4294967278,37
4294967278,36
4294967278,35
4294967278,34
4294967278,33
4294967278,32
4294967278,31
4294967278,30
4294967278,29
4294967278,28
4294967278,302
4294967278,201
4294967278,301
4294967279,335
4294967279,334
4294967278,527
4294967278,198
4294967278,526
4294967279,333
4294967278,525
4294967278,195
4294967278,524
4294967279,332
4294967279,331
4294967278,299
4294967278,192
4294967278,523
4294967279,330
4294967279,329
4294967278,522
4294967278,189
4294967278,298
4294967279,328
4294967294,22
4294967278,46
4294967278,45
4294967278,44
4294967278,292
4294967278,43
4294967278,42
4294967278,41
4294967278,40
4294967278,39
4294967279,47
4294967279,46
4294967279,44
4294967279,43
4294967279,42
4294967279,41
4294967279,40
4294967279,39
4294967279,294
4294967279,37
4294967279,36
4294967279,35
4294967279,32
4294967279,30
4294967279,29
4294967279,28
4294967279,24
4294967279,23
4294967279,21
4294967279,20
4294967279,19
4294967279,16
4294967279,13
4294967279,10
4294967279,327
4294967278,186
4294967278,185
21,5
21,4
4294967278,184
21,3
21,2
21,1
4294967278,521
4294967278,183
4294967278,182
20,6
4294967278,181
20,5
20,4
4294967278,180
20,3
20,2
20,1
4294967278,520
4294967278,179
4294967278,178
4294967294,89
19,5
4294967278,177
19,4
19,3
19,2
19,1
4294967279,326
4294967278,176
4294967294,973
4294967294,967
4294967278,175
4294967278,519
18,5
4294967278,172
18,4
18,3
18,2
18,1
4294967279,325
4294967278,171
4294967278,170
4294967278,169
17,5
17,4
4294967278,168
17,3
17,2
17,1
4294967278,518
4294967278,167
4294967278,166
16,5
4294967278,165
16,4
16,3
16,2
16,1
4294967279,324
4294967278,164
4294967294,430
4294967294,958
4294967294,924
4294967294,955
4294967294,29
4294967278,163
4294967278,162
15,7
15,6
4294967278,161
15,5
15,4
4294967278,160
15,3
15,2
15,1
4294967278,517
4294967294,38
4294967294,37
4294967294,42
4294967294,40
4294967294,1356
4294967294,0
4294967294,1355
4294967294,387
4294967294,388
4294967294,392
4294967294,441
4294967294,46
4294967294,390
4294967294,120
4294967294,114
4294967294,2
4294967294,43
4294967294,45
4294967278,159
4294967279,323
4294967279,260
4294967279,0
4294967294,523
4294967294,76
4294967294,51
14,5
4294967279,158
14,4
14,3
14,2
14,1
4294967294,53
4294967294,82
4294967279,156
4294967294,36
4294967294,39
4294967294,1
4294967294,88
4294967294,87
4294967294,85
4294967294,17
4294967294,99
4294967294,41
4294967294,83
4294967294,84
4294967279,154
13,4
13,3
13,2
13,1
4294967278,516
4294967279,153
4294967294,91
4294967294,107
4294967294,470
4294967279,152
4294967294,7
4294967294,6
4294967294,94
4294967294,93
4294967294,96
4294967294,95
12,4
12,3
12,2
12,1
4294967278,260
0,5
4294967294,9
4294967294,8
0,7
4294967294,393
4294967294,44
4294967294,426
4294967294,52
4294967294,418
4294967294,414
4294967294,28
4294967294,925
4294967294,27
4294967294,956
4294967294,26
4294967294,471
4294967294,25
4294967294,92
4294967294,90
4294967294,86
4294967294,970
4294967294,1354
4294967294,525
4294967294,69
4294967279,149
4294967294,67
4294967294,68
4294967278,132
4294967278,131
4294967278,130
4294967278,129
4294967278,128
4294967278,127
4294967278,126
4294967278,125
4294967278,124
4294967278,123
4294967278,122
4294967278,121
4294967278,120
4294967278,119
4294967278,118
4294967278,117
4294967278,116
4294967278,115
4294967278,114
4294967278,113
4294967278,112
4294967278,111
4294967278,110
4294967278,109
4294967278,108
4294967278,107
4294967278,106
4294967278,105
4294967278,104
4294967278,103
4294967278,102
4294967278,101
4294967278,100
4294967278,99
4294967278,98
4294967278,97
4294967278,96
4294967278,95
4294967278,94
4294967278,93
4294967278,92
4294967278,91
4294967278,90
4294967278,89
4294967278,87
4294967278,86
4294967278,85
