4294967279,59
4294967294,524
4294967278,305
4294967279,58
4294967279,57
4294967279,56
4294967279,55
4294967279,54
4294967279,53
4294967279,51
4294967279,50
4294967279,49
4294967279,48
4294967279,45
4294967279,44
4294967279,43
4294967278,517
4294967278,201
4294967278,516
4294967278,515
4294967278,198
4294967278,514
4294967278,513
4294967278,195
4294967278,512
4294967278,319
4294967278,192
4294967278,318
4294967278,543
4294967278,189
4294967278,542
4294967294,22
4294967279,41
4294967279,40
4294967279,39
4294967279,313
4294967279,37
4294967279,36
4294967279,33
4294967279,32
4294967279,31
4294967279,30
4294967279,29
4294967279,27
4294967279,24
4294967279,19
4294967279,17
4294967279,16
4294967279,14
4294967279,12
4294967279,11
4294967278,186
4294967278,185
51,5
51,4
4294967278,184
51,3
51,2
51,1
4294967278,531
4294967278,183
4294967279,184
4294967278,182
50,6
4294967278,181
50,5
50,4
4294967278,180
50,3
50,2
50,1
4294967278,530
4294967279,181
4294967294,190
4294967294,906
4294967294,176
4294967278,179
4294967279,180
4294967278,178
4294967294,89
49,5
4294967278,177
49,4
49,3
49,2
49,1
4294967278,176
4294967294,973
4294967294,967
4294967278,175
4294967279,176
4294967278,173
48,5
48,4
4294967278,172
48,3
48,2
48,1
4294967278,528
4294967278,171
4294967278,170
4294967279,171
4294967278,169
47,5
47,4
47,3
47,2
47,1
4294967279,169
4294967294,955
4294967294,29
4294967294,414
46,5
46,4
4294967279,166
46,3
46,2
46,1
4294967279,337
4294967294,38
4294967294,37
4294967294,41
4294967294,40
4294967294,430
4294967294,120
4294967294,43
4294967294,45
4294967294,44
4294967294,426
4294967294,924
4294967279,165
4294967294,76
4294967294,387
4294967294,46
45,7
45,6
45,5
45,4
45,3
45,2
45,1
4294967294,53
4294967294,82
4294967279,161
4294967294,1355
4294967294,2
4294967294,0
4294967294,390
4294967294,1356
4294967294,91
4294967294,90
4294967294,87
4294967294,85
4294967294,523
4294967294,83
4294967294,84
4294967279,159
44,5
4294967279,158
44,4
44,3
44,2
44,1
4294967294,36
4294967294,39
4294967294,1
4294967294,17
4294967294,99
4294967279,155
43,4
43,3
43,2
43,1
4294967294,1354
4294967294,107
4294967294,470
4294967294,7
4294967294,6
4294967294,94
4294967294,93
4294967294,96
4294967294,95
42,4
42,3
42,2
42,1
4294967294,9
4294967294,8
0,7
4294967294,393
4294967294,52
4294967294,418
4294967294,51
4294967294,958
4294967294,28
4294967294,925
4294967294,27
4294967294,956
4294967294,26
4294967294,471
4294967294,25
4294967294,92
4294967294,88
4294967294,86
4294967294,970
4294967294,42
0,5
4294967294,525
4294967294,69
4294967279,149
4294967294,67
4294967294,68
4294967278,132
4294967278,131
4294967278,130
4294967278,129
4294967278,128
4294967278,127
4294967278,126
4294967278,125
4294967278,124
4294967278,123
4294967278,122
4294967278,121
4294967278,120
4294967278,119
4294967278,118
4294967278,117
4294967278,116
4294967278,115
4294967278,114
4294967278,113
4294967278,112
4294967278,111
4294967278,110
4294967278,109
4294967278,108
4294967278,107
4294967278,106
4294967278,105
4294967278,104
4294967278,103
4294967278,102
4294967278,101
4294967278,100
4294967278,99
4294967278,98
4294967278,97
4294967278,96
4294967278,95
4294967278,94
4294967278,93
4294967278,92
4294967278,91
4294967278,90
4294967278,89
4294967278,87
4294967278,86
4294967278,85
4294967278,84
4294967278,83
4294967278,82
4294967278,81
4294967278,80
4294967278,79
4294967278,78
4294967278,77
4294967278,76
4294967278,75
4294967278,74
4294967278,73
4294967278,72
4294967278,71
4294967278,70
4294967278,69
4294967278,68
4294967278,67
4294967278,66
4294967278,65
4294967278,64
4294967278,63
4294967278,62
4294967278,61
4294967278,60
4294967278,59
4294967278,58
4294967278,57
4294967278,56
4294967278,55
4294967278,54
4294967278,53
4294967279,65
4294967279,64
4294967279,62
4294967279,61
4294967279,60
4294967279,52
4294967279,47
4294967279,46
4294967279,42
4294967279,38
4294967279,35
4294967279,297
4294967279,34
4294967279,295
4294967279,293
